      0/63     9.35G   0.07956   0.04502   0.01515    0.1397       163       640    0.0142   0.02818  0.005546 0.0007158    0.1028   0.05666    0.0155
      1/63     9.04G   0.07436   0.05333    0.0138    0.1415       386       640   0.02784   0.03534  0.007226  0.001167   0.09576   0.06219   0.01408
      2/63     11.1G   0.06972   0.05278   0.01206    0.1346       171       640    0.0815   0.09456   0.04198  0.008925   0.08647   0.06767   0.01241
      3/63     11.1G   0.06484   0.05295  0.009962    0.1277       214       640    0.6592    0.1738    0.1195   0.02825   0.08178   0.06561   0.01035
      4/63     11.1G   0.06118   0.05263  0.009016    0.1228       465       640    0.7144    0.1963    0.1643   0.04225   0.07918   0.06353  0.009979
      5/63     11.1G   0.05904    0.0488  0.008481    0.1163       315       640    0.6593    0.2116    0.1227    0.0259   0.08026   0.06276  0.009094
      6/63     11.1G   0.05701   0.04827  0.007775    0.1131       153       640    0.7156     0.255    0.1946   0.04406   0.07361   0.06224  0.008257
      7/63     11.1G   0.05632   0.04986  0.007068    0.1133       255       640    0.6368    0.2607    0.1242   0.03095   0.07623   0.06201  0.007936
      8/63     11.1G   0.05883   0.05147  0.006482    0.1168       344       640    0.7725    0.2808    0.2725   0.07116   0.07137   0.06513  0.007786
      9/63     11.1G   0.05656   0.05028   0.00568    0.1125       311       640    0.6774    0.2899    0.1959   0.04537   0.06922   0.06479  0.007845
     10/63     11.1G   0.05933   0.04586  0.004838      0.11       318       640    0.2141    0.5593    0.2399   0.05802   0.07495   0.06477   0.00752
     11/63     11.1G    0.0591   0.03926  0.004519    0.1029       252       640    0.2748    0.4798    0.2948   0.06658   0.07574   0.06628   0.00763
     12/63     11.1G   0.05958   0.04304  0.004441    0.1071       207       640    0.3545     0.482     0.322   0.07486   0.07679   0.06719  0.007316
     13/63     11.1G   0.05634   0.04272  0.003692    0.1027       295       640    0.4406    0.5396    0.4457    0.1443   0.07049   0.06942  0.007238
     14/63     11.1G   0.05483    0.0445   0.00328    0.1026       182       640    0.4541    0.4838    0.3086   0.07555    0.0761   0.06854   0.00737
     15/63     11.1G   0.05774   0.04298  0.003616    0.1043       231       640    0.4889    0.5738    0.4848    0.1168   0.07254   0.06812  0.007089
     16/63     11.1G   0.05661   0.04185  0.003494     0.102       214       640    0.5431    0.5151    0.4804    0.1379   0.07238   0.06984   0.00718
     17/63     11.1G     0.053   0.04142  0.003276    0.0977       181       640    0.5453    0.5653    0.5418    0.1777   0.07069   0.07373  0.007246
     18/63     11.1G   0.05676   0.04648    0.0036    0.1068       130       640    0.5296    0.5421    0.5255    0.1501   0.07274   0.07228  0.007415
     19/63     11.1G   0.05257     0.042  0.003312   0.09788       194       640    0.5527    0.5621    0.5517     0.148     0.071   0.07179  0.006998
     20/63     11.1G   0.05258   0.04278  0.003071   0.09842       222       640    0.3808    0.6456     0.414   0.08968    0.0695    0.0722   0.00666
     21/63     11.1G   0.05441   0.04671  0.003071    0.1042       336       640    0.4996    0.5791    0.5014    0.1259    0.0686    0.0732  0.006524
     22/63     11.1G   0.04953   0.04485  0.003305   0.09768       215       640    0.5722    0.5514    0.5479    0.1794   0.06608   0.07654  0.006919
     23/63     11.1G   0.04977   0.04164  0.002801   0.09422       306       640    0.5469    0.5809    0.5864    0.1867   0.06994   0.07317  0.006459
     24/63     11.1G   0.05231   0.04503  0.002748    0.1001       186       640    0.6483    0.5796    0.6247    0.2216   0.06606     0.071  0.006148
     25/63     11.1G   0.04644   0.04268  0.002732   0.09185       349       640    0.6143    0.6694     0.674    0.2457   0.06533   0.07046  0.005905
     26/63     11.1G    0.0482   0.04005   0.00236   0.09061       339       640    0.5734    0.5481    0.5518    0.1569   0.06837   0.07119  0.006049
     27/63     11.1G   0.04454   0.04279   0.00222   0.08955       362       640    0.7032    0.7356    0.7341    0.2569   0.06565    0.0705  0.005625
     28/63     11.1G   0.04411    0.0403  0.002193    0.0866       264       640    0.7153    0.5984    0.6515    0.2195   0.06692   0.07212  0.005641
     29/63     11.1G   0.04459   0.04378  0.002339   0.09071       338       640    0.7414    0.6597    0.7055    0.2699   0.06334   0.07165  0.005656
     30/63     11.1G   0.04276   0.03829  0.001846    0.0829       311       640    0.7481    0.5987     0.698    0.2423   0.06404   0.07409  0.005663
     31/63     11.1G   0.04259    0.0381  0.001757   0.08244       361       640    0.7121     0.659    0.7029    0.2671   0.06271   0.07505  0.005424
     32/63     11.1G   0.04481   0.04123   0.00191   0.08795       260       640    0.7425    0.6072    0.7072    0.2606    0.0631   0.07661   0.00542
     33/63     11.1G   0.04115   0.04135  0.001738   0.08423       279       640    0.7008    0.6612     0.696    0.2702   0.06217   0.07553  0.005312
     34/63     11.1G   0.04099   0.04075  0.001732   0.08347       246       640     0.669    0.6239    0.6646    0.2313   0.06248   0.07641   0.00525
     35/63     11.1G   0.04231   0.04258  0.001603   0.08649       251       640    0.7067    0.6678    0.7034    0.2546    0.0617   0.07708  0.005293
     36/63     11.1G   0.04045   0.03849   0.00164   0.08058       318       640    0.6577    0.6637    0.6783    0.2449   0.06188   0.07833    0.0053
     37/63     11.1G   0.04065   0.04005  0.001433   0.08214       283       640    0.6186    0.6487    0.6537    0.2595   0.06129   0.07529  0.005287
     38/63     11.1G   0.04022   0.04053  0.001619   0.08237       221       640    0.6711    0.7304    0.7259    0.2797   0.06088   0.07821  0.005141
     39/63     11.1G   0.03999     0.041  0.001551   0.08254       298       640    0.7823    0.6481    0.7383    0.2796   0.06066   0.07792  0.004997
     40/63     11.1G   0.03952   0.04058  0.001419   0.08152       333       640    0.7532    0.6627    0.7247    0.2755   0.06066   0.07756  0.005059
     41/63     11.1G   0.04015   0.04222  0.001399   0.08377       321       640    0.8004    0.6482    0.7504    0.2792   0.06124   0.07731  0.005033
     42/63     11.1G   0.04064   0.04119  0.001532   0.08337       283       640    0.7995    0.6846    0.7588    0.2914   0.06045   0.07833  0.004976
     43/63     11.1G   0.03912   0.04038  0.001178   0.08067       353       640     0.776    0.6774    0.7372    0.2724   0.06057    0.0793  0.004918
     44/63     11.1G   0.03951   0.03943  0.001315   0.08026       218       640    0.7235    0.7051    0.7478    0.2829   0.06008   0.08066  0.004947
     45/63     11.1G    0.0392    0.0407  0.001109   0.08101       333       640     0.748    0.6795    0.7373    0.2814   0.06052    0.0791    0.0049
     46/63     11.1G   0.03845   0.03872  0.001263   0.07843       297       640    0.7394    0.7314    0.7555    0.2954   0.05982   0.07827  0.004878
     47/63     11.1G   0.03865    0.0402  0.001255    0.0801       245       640    0.7208    0.7253    0.7507    0.2935   0.05995   0.07883  0.004962
     48/63     11.1G   0.03807    0.0361  0.001018   0.07519       159       640     0.711    0.7097    0.7241    0.2793   0.06058   0.08008  0.005076
     49/63     11.1G   0.03919   0.04102  0.001295    0.0815       254       640    0.7254      0.74    0.7557    0.2961   0.06015   0.07835   0.00493
     50/63     11.1G    0.0385   0.03871  0.001134   0.07834       179       640    0.7158    0.7496    0.7628    0.2977   0.06037    0.0785  0.004955
     51/63     11.1G   0.03866   0.03897  0.001124   0.07876       217       640    0.7911    0.6816    0.7614     0.302   0.06017   0.07974  0.004952
     52/63     11.1G    0.0381   0.03925  0.001193   0.07855       305       640    0.7213    0.7064     0.742    0.2948   0.06018   0.07959  0.004897
     53/63     11.1G   0.03792   0.03828  0.001279   0.07748       201       640    0.7614    0.7154    0.7498    0.2896    0.0602   0.08072  0.004966
     54/63     11.1G    0.0382   0.03862  0.001088    0.0779       265       640    0.7519     0.711    0.7516    0.2924   0.05989   0.08141  0.004994
     55/63     11.1G   0.03765   0.03721  0.001057   0.07591       328       640    0.7477    0.6946    0.7483    0.2887   0.05997   0.08166  0.004983
     56/63     11.1G   0.03804   0.03682  0.001186   0.07604       247       640    0.6946    0.7287    0.7329    0.2832   0.06011   0.08056  0.004865
     57/63     11.1G   0.03844   0.04002  0.001381   0.07985       302       640    0.7502    0.7194    0.7595    0.2917   0.06001   0.07999  0.004857
     58/63     11.1G   0.03749   0.03846   0.00104   0.07699       211       640    0.7473    0.7565    0.7751    0.2965   0.05999    0.0797  0.004814
     59/63     11.1G   0.03822   0.03871  0.001124   0.07805       239       640    0.7845    0.7174    0.7678    0.2942   0.05992   0.08117  0.004838
     60/63     11.1G   0.03739    0.0395  0.001094   0.07798       360       640    0.7455    0.7114    0.7506     0.289   0.06006   0.08195   0.00491
     61/63     11.1G   0.03781   0.03976  0.001031    0.0786       202       640     0.759    0.7367    0.7668    0.3019   0.05963   0.08076  0.004845
     62/63     11.1G   0.03716   0.03809  0.001021   0.07627       188       640    0.7366    0.7361    0.7579     0.296    0.0599   0.08131   0.00479
     63/63     11.1G   0.03766   0.03786  0.000982    0.0765       159       640    0.7484    0.6916    0.7335    0.2837   0.06024   0.08076  0.004769
