      0/63     7.33G   0.08348   0.04308   0.01622    0.1428       334       640  0.008798   0.04286  0.001385 0.0002109    0.1107   0.05212   0.01865
      1/63     7.31G   0.07868    0.0455   0.01333    0.1375       233       640   0.01064   0.05587  0.004118 0.0007026    0.1055   0.05584   0.01738
      2/63     8.95G   0.07471    0.0476     0.011    0.1333       445       640    0.0409   0.06972   0.01555  0.002571    0.1021    0.0566   0.01643
      3/63     8.95G   0.06942   0.04552  0.009314    0.1243       309       640    0.6209    0.1514   0.07988   0.01608    0.1003   0.05376   0.01578
      4/63     8.95G   0.06583   0.04345  0.008045    0.1173       265       640    0.6709    0.2125    0.1444   0.03182       0.1    0.0511   0.01519
      5/63     8.95G   0.06496   0.04115   0.00789     0.114       316       640    0.7314    0.2177    0.2013   0.04605    0.0987   0.05017    0.0145
      6/63     8.95G   0.06505   0.04113  0.007234    0.1134       145       640    0.6348    0.1948    0.1535   0.02881   0.09526   0.05325   0.01437
      7/63     8.95G    0.0618   0.04306  0.006598    0.1115       301       640     0.706    0.2225     0.189   0.04589   0.09714    0.0524   0.01451
      8/63     8.95G   0.06342   0.04145  0.005815    0.1107       190       640    0.8015    0.2359    0.2844   0.06883   0.09118   0.05528    0.0146
      9/63     8.95G   0.05969   0.04129  0.005133    0.1061       293       640    0.2352    0.5493    0.2384   0.05124   0.09063   0.05286   0.01298
     10/63     8.95G   0.05853   0.04034  0.004516    0.1034       300       640    0.1908    0.3937    0.2092   0.04244   0.09234   0.05259   0.01348
     11/63     8.95G    0.0584   0.03847  0.004286    0.1012       317       640    0.2168    0.4059    0.2111   0.05069   0.08967   0.05767   0.01319
     12/63     8.95G   0.05873   0.03949  0.004132    0.1023       255       640    0.3898    0.4881    0.3922    0.1221   0.08386    0.0578   0.01176
     13/63     8.95G   0.05525   0.03877  0.003426   0.09744       279       640    0.4836    0.5931    0.5164    0.1416   0.08431   0.05515   0.01161
     14/63     8.95G   0.05518   0.04288  0.003349    0.1014       334       640    0.5072     0.582    0.5283    0.1426   0.08819   0.05338   0.01108
     15/63     8.95G   0.05645    0.0399  0.003403   0.09975       255       640    0.4564    0.6183    0.5266    0.1579   0.08648   0.05315   0.01053
     16/63     8.95G   0.05609   0.04092  0.003277    0.1003       199       640     0.375    0.5377    0.4617    0.1506   0.08656   0.05304   0.01059
     17/63     8.95G   0.05353   0.03991  0.003037   0.09648       404       640    0.5057    0.6718    0.5781    0.1729   0.08448   0.05459   0.01007
     18/63     8.95G   0.06009    0.0411  0.003528    0.1047       219       640    0.5809    0.6036    0.5647    0.1792   0.08607   0.05399   0.01025
     19/63     8.95G   0.05272   0.04239  0.003492   0.09861       239       640    0.7123    0.5031    0.5704    0.1937   0.08623   0.05596   0.01054
     20/63     8.95G   0.05231   0.04005   0.00331   0.09566       264       640    0.5238    0.6722    0.5735    0.1592   0.08422   0.05639   0.01025
     21/63     8.95G   0.05384   0.03842  0.003041    0.0953       293       640     0.395    0.4701    0.4078    0.1266   0.08695   0.05683  0.009969
     22/63     8.95G   0.05223   0.04153   0.00308   0.09685       194       640    0.6582    0.5879    0.6279    0.1969   0.08374   0.05492    0.0098
     23/63     8.95G   0.05039   0.04131  0.002811   0.09451       256       640    0.5759    0.6033    0.5832    0.2021    0.0819   0.05877  0.009521
     24/63     8.95G   0.05099   0.04222  0.002972   0.09618       175       640    0.6096    0.6632     0.658    0.2225   0.07947   0.05952  0.009089
     25/63     8.95G    0.0468    0.0401  0.002457   0.08935       335       640    0.7057    0.5734    0.6542    0.2141   0.07949    0.0596    0.0085
     26/63     8.95G   0.04969   0.04252  0.002472   0.09467       179       640    0.6195    0.7051    0.6698    0.2592   0.07613   0.06063  0.008313
     27/63     8.95G   0.04724   0.04288  0.002615   0.09273       271       640    0.6019    0.5712    0.5928    0.1932   0.07819     0.063  0.008262
     28/63     8.95G   0.04554   0.04395  0.002238   0.09172       169       640    0.6972     0.682     0.696    0.2649   0.07506    0.0621  0.007698
     29/63     8.95G   0.04616   0.04061  0.002227   0.08899       299       640    0.7532    0.6618    0.7052    0.2261   0.07665   0.06225  0.007206
     30/63     8.95G   0.04536   0.04023  0.002013   0.08761       211       640    0.7745    0.6208    0.7199    0.2653   0.07509   0.06335   0.00715
     31/63     8.95G   0.04377   0.04149  0.002137    0.0874       283       640    0.6598    0.5966    0.6108    0.2435   0.07318    0.0648  0.007078
     32/63     8.95G   0.04534   0.04072  0.002066   0.08813       320       640    0.7426    0.7119    0.7328    0.2706   0.07204   0.06644  0.006788
     33/63     8.95G   0.04252   0.04052  0.001882   0.08493       153       640    0.7745    0.6678     0.715    0.2587   0.07204   0.06716  0.006723
     34/63     8.95G   0.04251   0.04191  0.001633   0.08606       224       640    0.7307    0.6743    0.7063    0.2488   0.07251   0.06773  0.006395
     35/63     8.95G   0.04279   0.04068  0.001739   0.08521       287       640    0.7821    0.6806    0.7353    0.2821   0.06894   0.06909  0.006318
     36/63     8.95G   0.04176    0.0417  0.001807   0.08527       230       640    0.7796    0.6879    0.7438    0.2694   0.06882   0.06965  0.006408
     37/63     8.95G    0.0425   0.04263  0.001769    0.0869       335       640    0.8029    0.6849    0.7505    0.2827   0.06263   0.07796  0.006373
     38/63     8.95G   0.04199     0.042  0.001543   0.08554       306       640    0.7652    0.7434    0.7554    0.2805   0.06331   0.07877  0.006232
     39/63     8.95G   0.04091   0.03907  0.001532   0.08151       307       640    0.7952    0.6546    0.7322    0.2751   0.06295   0.07946  0.006176
     40/63     8.95G    0.0407   0.03896  0.001444   0.08111       249       640    0.7722    0.7256    0.7627    0.2894   0.06176   0.08055  0.006166
     41/63     8.95G   0.04125   0.04083   0.00146   0.08354       246       640    0.7311    0.6719    0.7219     0.275   0.06119   0.08287  0.006233
     42/63     8.95G   0.04109      0.04  0.001291   0.08238       206       640    0.7609    0.6729    0.7279    0.2703   0.06124    0.0824  0.006149
     43/63     8.95G   0.04079   0.04367  0.001405   0.08587       294       640    0.7378    0.7054    0.7409    0.2726   0.06139   0.08252  0.006069
     44/63     8.95G   0.04015   0.03921  0.001244    0.0806       254       640    0.7613    0.7241    0.7738    0.2916    0.0618   0.08251  0.006077
     45/63     8.95G   0.04073   0.03965  0.001425    0.0818       293       640    0.7204     0.743    0.7551    0.2881   0.06277   0.07978  0.005938
     46/63     8.95G   0.04022   0.04193  0.001361   0.08351       182       640    0.8002    0.6893    0.7601    0.2864   0.06258   0.07966  0.005881
     47/63     8.95G   0.03931   0.04081  0.001241   0.08136       149       640    0.7654    0.6946    0.7651    0.2881   0.06258    0.0802  0.005861
     48/63     8.95G   0.03997   0.03849  0.001454   0.07991       231       640    0.7509    0.7508    0.7777    0.2879     0.063   0.08185   0.00587
     49/63     8.95G   0.03961   0.03829  0.001172   0.07907       211       640    0.7598    0.7325    0.7709    0.2956   0.06262   0.08208  0.005822
     50/63     8.95G   0.03926   0.03973  0.001187   0.08017       373       640    0.8057    0.7099    0.7819    0.2879   0.06225   0.08254   0.00569
     51/63     8.95G   0.03896   0.03954  0.001257   0.07976       290       640    0.8089    0.6872    0.7748    0.2952   0.06238   0.08176  0.005709
     52/63     8.95G   0.03879   0.03788  0.001122   0.07779       204       640    0.7497    0.7053    0.7428    0.2755   0.06241   0.08225  0.005683
     53/63     8.95G   0.03869   0.03793   0.00109   0.07771       111       640    0.8013    0.6645    0.7636    0.2809   0.06217   0.08163  0.005625
     54/63     8.95G   0.03885   0.03654  0.001235   0.07663       172       640    0.8438    0.6132    0.7486    0.2819    0.0625   0.08183  0.005626
     55/63     8.95G    0.0386   0.03816  0.001119   0.07788       266       640    0.8026    0.6629    0.7682    0.2825    0.0627   0.08174  0.005615
     56/63     8.95G   0.03838   0.03857  0.001165   0.07812       298       640    0.7325    0.7355    0.7614    0.2775   0.06335   0.08282  0.005682
     57/63     8.95G   0.03792   0.03837 0.0009496   0.07724       234       640    0.7303    0.7313    0.7543    0.2814   0.06318   0.08175  0.005569
     58/63     8.95G   0.03826   0.03577 0.0009866   0.07502       145       640    0.7485    0.7218    0.7694    0.2843   0.06316   0.08157   0.00557
     59/63     8.95G   0.03824   0.03844  0.001081   0.07776       296       640     0.765    0.6862    0.7685    0.2886   0.06312   0.08178  0.005598
     60/63     8.95G   0.03869   0.03763   0.00117   0.07749       307       640    0.7526    0.7361    0.7855    0.2944    0.0628   0.08211  0.005556
     61/63     8.95G    0.0382   0.04061  0.001067   0.07989       203       640     0.766    0.7468    0.7875    0.2995   0.06272   0.08166  0.005565
     62/63     8.95G   0.03783   0.03926  0.001093   0.07818       259       640    0.7807    0.7214    0.7875    0.2932   0.06318   0.08099  0.005534
     63/63     8.95G   0.03892    0.0371  0.001043   0.07707       266       640    0.7994    0.6879     0.778    0.2917   0.06283   0.08196  0.005527
